vetor1 <- c(1,2, 3)
vetor2 <- c(3, 4, NA)

